##BLOCKS= 17																														
Plate:	BT69-LLY283/GSK591	1.3	PlateFormat	Endpoint	Fluorescence	TRUE	Raw	FALSE	1						1	590	1	12	96	545	Automatic	590			6				1	8	1.3	PlateFormat	Endpoint	Fluorescence	TRUE	Raw	FALSE	1						1	590	1	12	96	545	Automatic	590			6				1	8
									
									
		0.045	8781.634	5821.378	5935.383	4416.61	4176.896	3947.545	4037.666	3414.017	3714.891	3027.482
		0.045	5779.937	4465.987	4789.07	3944.469	2987.383	3042.272	2925.234	3299.917	2345.05	2126.207
		0.045	7410.618	4541.873	3050.963	2752.545	2360.109	2424.872	2625.744	2526.41	2218.278	2332.249
		0.045	8995.208	11537.937	12814.076	9743.303	9831.971	7303.981	6269.111	4306.655	4186.832	3811.334
		0.045	11140.023	9772.423	8711.671	8019.603	6741.742	5625.813	4489.233	4002.344	3814.612	3391.018
		0.045	9468.701	9131.647	8284.654	8418.116	6432.996	5301.225	3928.87	3752.01	3565.333	3174.614
									
									
~End																														
Plate:	BT238-LLY283/GSK591	1.3	PlateFormat	Endpoint	Fluorescence	TRUE	Raw	FALSE	1						1	590	1	12	96	545	Automatic	590			6				1	8									
									
									
		0.045	6738.488	2733.916	3073.489	1671.533	1448.408	1325.58	1283.09	1300.388	1223.963	1262.178
		0.045	6796.803	2610.153	2481.794	1484.301	1405.557	1165.747	1143.082	1174.653	1161.593	1173.061
		0.045	5334.941	2295.823	2532.4	1593.754	1417.038	1318.78	1208.05	1228.649	1162.552	1193.751
		0.045	8989.226	8456.354	6802.527	5364.534	4029.961	2384.503	2293.463	1637.29	1596.384	1344.571
		0.045	7391.741	6781.999	6002.408	5645.678	3423.508	2716.391	1762.296	1637.127	1362.119	1429.316
		0.045	7279.662	6148.671	6743.31	4589.747	4146.469	2402.959	1961.577	1633.98	1472.71	1321.398
									
									
~End																														
Plate:	BT301-LLY283/GSK591	1.3	PlateFormat	Endpoint	Fluorescence	TRUE	Raw	FALSE	1						1	590	1	12	96	545	Automatic	590			6				1	8									
									
									
		0.045	6516.019	3302.124	3190.304	2497.694	2244.599	2281.527	1960.383	2164.501	2005.144	1862.928
		0.045	7096.37	3154.481	2266.157	2284.94	2025.088	1675.071	2097.918	2184.089	1982.833	1982.58
		0.045	6669.002	2733.46	2383.679	2195.107	2115.5	2017.188	1894.329	2011.465	1995.688	1608.977
		0.045	11887.054	9901.103	8101.976	8059.17	5369.389	4277.626	3494.327	3545.861	3245.46	3241.857
		0.045	11833.255	10104.504	8663.533	7237.239	5878.529	4533.28	3501.424	3478.563	2162.64	2786.469
		0.045	2696.316	1486.003	2045.286	1604.047	4140.426	3290.779	2838.851	1387.219	2707.711	2615.544
									
									
~End																														
Plate:	BT67-LLY283/GSK591	1.3	PlateFormat	Endpoint	Fluorescence	TRUE	Raw	FALSE	1						1	590	1	12	96	545	Automatic	590			6				1	8									
									
									
		0.045	15471.787	9342.287	7395.584	6338.151	5590.598	4788.078	4142.9	4658.522	4933.82	4281.772
		0.045	22663.697	7426.784	7185.236	5534.527	4704.789	4185.771	4579.84	4411.309	3253.775	3573.83
		0.045	19597.844	7604.488	5348.964	4960.162	4361.029	4099.945	4221.144	4026.324	3475.844	3931.034
		0.045	21552.891	20115.646	11096.065	16705.975	10205.712	6138.036	4892.397	4428.16	3774.849	3401.883
		0.045	17765.025	17427.648	8616.018	11030.097	8202.724	6100.174	4323.197	4861.164	4257.039	3483.917
		0.045	17250.398	11422.811	7564.668	9834.355	6272.627	4383.594	3750.944	3295.527	2993.767	3231.422
									
									
~End																														
Plate:	BT89-LLY283/GSK591	1.3	PlateFormat	Endpoint	Fluorescence	TRUE	Raw	FALSE	1						1	590	1	12	96	545	Automatic	590			6				1	8									
									
									
		0.045	3172.947	2411.596	2247.843	2192.911	1721.632	1619.687	1517.675	1498.998	1534.585	1459.717
		0.045	2708.675	2472.317	2460.577	2026.066	1517.449	1635.922	1575.52	1337.718	1249.396	1255.985
		0.045	2350.388	1620.751	1498.897	1640.992	1276.402	1287.407	1254.478	1258.219	1297.256	1286.226
		0.045	1877.542	1559.292	1337.963	1462.839	1531.674	1503.796	1219.783	1214.916	1178.042	1138.232
		0.045	1946.493	1734.521	1078.063	1662.198	1565.147	1368.279	1200.725	1154.843	1157.767	1198.149
		0.045	1876.906	1579.497	1163.081	1455.725	1386.245	1338.016	1075.596	1121.713	1136.192	1060.038
									
									
~End																														
Plate:	BT147-LLY283/GSK591	1.3	PlateFormat	Endpoint	Fluorescence	TRUE	Raw	FALSE	1						1	590	1	12	96	545	Automatic	590			6				1	8									
									
									
		0.045	25605.371	19236.316	7094.839	3957.603	2759.89	2582.64	2347.885	2877.236	2751.875	2094.046
		0.045	26544.32	18049.242	7572.609	4031.915	3005.627	2467.637	2850.161	2543.879	2577.598	2399.848
		0.045	28670.443	16306.693	6806.378	4026.362	2600.945	2283.363	2790.761	2435.34	2293.634	2562.294
		0.045	27837.252	29595.162	28974.842	24822.328	18038.566	10507.576	4926.713	3200.541	2649.436	1543.945
		0.045	30556.295	28977.783	28323.676	27279.826	14532.808	8000.443	4291.994	4423.714	2384.413	1624.571
		0.045	31995.09	29000.227	26441.869	26359.725	17468.279	9806.546	5511.915	3912.527	2442.309	1661.262
									
									
~End																														
Plate:	BT84-LLY283/GSK591	1.3	PlateFormat	Endpoint	Fluorescence	TRUE	Raw	FALSE	1						1	590	1	12	96	545	Automatic	590			6				1	8									
									
									
		0.045	5353.052	3033.21	3116.103	1785.709	1395.745	1417.088	1382.008	1294.567	1311.525	1259.697
		0.045	5360.552	3025.097	2581.051	1564.97	1288.687	1186.572	1030.729	991.925	998.208	1008.171
		0.045	2428.921	1532.514	1432.714	1161.705	1046.827	1023.331	1027.073	990.932	1037.746	969.133
		0.045	1787.623	1683.919	1445.097	1402.584	1129.547	1094.536	1020.191	1029.963	975.53	1003.976
		0.045	1944.657	1416.992	1460.771	1347.572	1156.633	1046.289	996.735	1023.373	971.413	990.707
		0.045	1640.721	1347.354	1183.655	1183.18	1033.641	1009.017	994.46	981.153	987.716	952.727
									
									
~End																														
Plate:	BT94-LLY283/GSK591	1.3	PlateFormat	Endpoint	Fluorescence	TRUE	Raw	FALSE	1						1	590	1	12	96	545	Automatic	590			6				1	8									
									
									
		0.045	7307.838	5681.308	5854.739	4976.015	5190.89	5053.772	4834.439	4711.419	4751.277	5183.755
		0.045	18817.498	9195.606	8706.734	5794.541	5269.792	4531.82	4957.068	4731.613	5157.25	5366.726
		0.045	19978.896	7754.35	7944.919	5791.578	4591.726	5207.068	4556.759	4680.37	4696.585	6069.647
		0.045	15436.329	12156.625	10552.287	9164.875	7291.683	4729.567	4268.143	3999.712	3458.209	3248.374
		0.045	15786.349	11661.574	11291.791	9998.641	6496.181	4148.87	3493.053	3576.383	2962.869	3161.771
		0.045	11866.479	9822.283	8654.379	6441.973	4908.885	3782.542	3266.244	3037.147	2603.742	3018.565
									
									
~End																														
Plate:	BT169-LLY283/GSK591	1.3	PlateFormat	Endpoint	Fluorescence	TRUE	Raw	FALSE	1						1	590	1	12	96	545	Automatic	590			6				1	8									
									
									
		0.045	3742.12	3297.836	2771.634	2266.523	2052.662	1913.234	1906.258	2149.084	1952.039	1834.136
		0.045	2687.603	3245.771	2899.639	2251.049	2381.45	2709.043	2023.935	2036.311	1973.695	1998.312
		0.045	3854.762	2416.72	2735.328	2006.165	2020.405	1605.242	1681.253	1951.139	2227.425	1780.401
		0.045	2202.284	2029.58	2008.294	1543.733	2110.604	1598.152	1660.295	1561.388	1593.612	1436.327
		0.045	2853.115	1883.21	1961.365	1564.437	2037.937	1759.974	1718.569	1763.807	1703.863	1414.267
		0.045	2159.072	1703.706	2038.082	1778.153	1818.197	1530.195	1695.731	1619.478	1647.974	1472.896
									
									
~End																														
Plate:	BT75-LLY283/GSK591	1.3	PlateFormat	Endpoint	Fluorescence	TRUE	Raw	FALSE	1						1	590	1	12	96	545	Automatic	590			6				1	8									
									
									
		0.045	2017.171	1526.907	1541.668	1387.385	1342.674	1235.116	1215.649	1098.528	1113.523	1058.568
		0.045	1495.656	1291.304	1299.484	1305.433	1168.625	1111.253	1124.974	1047.01	1115.797	1038.171
		0.045	1341.935	1283.859	1301.526	1126.195	1112.058	1097.832	1110.442	1158.287	1096.954	1052.671
		0.045	4641.392	4799.711	4191.349	4760.649	4353.479	3715.047	3152.169	2668.375	2717.452	2610.576
		0.045	5374.525	4761.304	4829.407	4367.336	3221.698	3333.57	2436.825	2543.641	2348.547	2302.283
		0.045	4659.669	3943.792	3680.423	3373.28	3425.74	2739.948	2506.281	2153.329	2605.27	2363.089
									
									
~End																														
Plate:	BT189-LLY283/GSK591	1.3	PlateFormat	Endpoint	Fluorescence	TRUE	Raw	FALSE	1						1	590	1	12	96	545	Automatic	590			6				1	8									
									
									
		0.045	10617.005	4400.68	3628.356	2176.384	1275.74	1491.5	1393.85	1276.603	1432.268	1223.527
		0.045	8350.005	3152.837	3223.036	1730.48	1505.844	1301.771	1413.089	1175.303	1249.127	1088.118
		0.045	9937.63	2406.197	2212.092	1894.734	1213.78	1100.709	1020.921	982.064	1023.367	1011.09
		0.045	3421.219	4311.152	4011.32	2890.464	1644.109	1186.163	1122.089	1067.362	1026.703	971.116
		0.045	3760.792	4696.293	3791.246	3719.366	1736.204	1051.172	1090.91	1099.603	964.378	937.929
		0.045	4626.85	2917.672	1984.521	1867.31	1355.07	1100.198	1054.088	1035.127	986.229	924.574
									
									
~End																														
Plate:	BT126-LLY283/GSK591	1.3	PlateFormat	Endpoint	Fluorescence	TRUE	Raw	FALSE	1						1	590	1	12	96	545	Automatic	590			6				1	8									
									
									
		0.045	1057.826	984.363	1034.287	1012.021	951.631	964.905	936.736	948.595	982.039	1006.243
		0.045	992.852	1002.3	1083.113	1031.62	993.142	994.11	919.429	931.525	934.294	930.652
		0.045	1035.488	1023.786	952.191	955.611	962.453	971.252	943.608	940.902	943.362	942.234
		0.045	1889.18	1771.014	1526.052	1613.169	1379.38	1251.524	1175.658	1223.964	1191.996	1089.986
		0.045	1683.361	1382.261	1614.881	1492.534	1450.801	1325.737	1106.029	1081.052	1071.512	1061.411
		0.045	1388.327	1412.992	1331.66	1282.001	1248.535	1138.841	1047.853	1119.309	1059.719	1004.845
									
									
~End																														
Plate:	BT284-LLY283/GSK591	1.3	PlateFormat	Endpoint	Fluorescence	TRUE	Raw	FALSE	1						1	590	1	12	96	545	Automatic	590			6				1	8									
									
									
		0.045	6422.838	3449.412	3505.095	3880.427	3406.431	3026.119	2464.008	2757.907	2326.545	1639.401
		0.045	2042.956	2187.947	2310.613	2124.441	1632.174	1558.16	1574.579	1311.257	1608.033	1430.026
		0.045	1976.164	2292.683	1893.629	2007.114	1785.729	1859.724	1771.463	1691.342	1282.243	1217.172
		0.045	1601.287	1078.057	953.852	992.574	1121.927	1187.098	1005.293	888.194	927.835	903.753
		0.045	1673.959	1480.915	1329.881	1105.614	1095.58	1287.603	990.419	938.243	938.972	905.17
		0.045	1435.073	1171.183	1174.27	941.234	1278.713	1022.924	1017.039	960.768	971.999	931.175
									
									
~End																														
Plate:	BT119-LLY283/GSK591	1.3	PlateFormat	Endpoint	Fluorescence	TRUE	Raw	FALSE	1						1	590	1	12	96	545	Automatic	590			6				1	8									
									
									
		0.045	38436.625	37963.652	37891.734	36099.277	22657.254	15857.81	10830.686	8364.714	8981.661	6936.962
		0.045	38082.859	38204.27	37170.684	35744.289	22889.602	16886.398	10965.511	8974.276	6958.88	5805.083
		0.045	38690.16	37955.801	38171.398	37142.672	21686.086	16801.664	8586.913	8469.358	8444.664	6655.143
		0.045	37281.715	36967.906	37046.777	36893.789	37290.398	38434.363	33351.43	26945.113	17406.832	7081.19
		0.045	36542.445	36809.711	36902.805	37148.117	37313.945	37926.031	33948.195	26814.523	18062.994	9385.683
		0.045	37406.52	37627.395	37457.27	37012.785	37524.98	37827.836	33593.566	25180.92	18118.756	7809.933
									
									
~End																														
Plate:	BT50-LLY283/GSK591	1.3	PlateFormat	Endpoint	Fluorescence	TRUE	Raw	FALSE	1						1	590	1	12	96	545	Automatic	590			6				1	8									
									
									
		0.045	6877.041	5831.456	4007.987	3098.478	1825.609	1601.331	1620.153	1555.382	1659.208	1602.174
		0.045	6195.804	4775.537	3942.286	2492.243	1406.446	1301.325	1190.952	1284.734	1145.586	1238.314
		0.045	4286.996	3269.26	2390.404	1576.219	1284.624	1108.863	1271.743	1275.09	1146.112	1165.045
		0.045	1930.549	1741.288	1531.318	1471.143	1169.754	1187.896	1049.078	1031.103	972.845	975.397
		0.045	1632.696	1838.635	1512.738	1378.401	1194.232	1001.632	969.637	975.572	944.892	941.677
		0.045	1667.669	1595.568	1416.912	1143.775	1209.779	957.053	1027.724	963.63	956.08	922.804
									
									
~End																														
Plate:	BT140-LLY283/GSK591	1.3	PlateFormat	Endpoint	Fluorescence	TRUE	Raw	FALSE	1						1	590	1	12	96	545	Automatic	590			6				1	8									
									
									
		0.045	1489.131	1616.567	1445.55	1402.489	1260.137	1208.823	1312.874	1310.023	1233.351	1183.252
		0.045	1520.845	1595.425	1436.839	1344.41	1180.961	1247.841	1199.736	1156.567	1170.753	1173.019
		0.045	1518.543	1376.006	1336.715	1248.69	1198.327	1145.44	1233.492	1123.656	1102.433	1130.883
		0.045	2539.399	2943.111	3150.48	2608.567	2384.1	2316.518	2094.934	1991.677	1805.543	1912.826
		0.045	2705.489	2818.771	2720.158	2716.73	2017.921	1935.76	1592.883	1642.727	1645.161	1540.196
		0.045	2208.808	2023.141	2313.379	2372.002	2121.756	1761.298	1615.017	1746.108	1642.051	1462.191
									
									
~End																														
Plate:	BT143-LLY283/GSK591	1.3	PlateFormat	Endpoint	Fluorescence	TRUE	Raw	FALSE	1						1	590	1	12	96	545	Automatic	590			6				1	8									
									
									
		0.045	15352.167	12743.697	12190.022	9812.737	7238.49	6195.941	5053.91	5424.355	5094.986	5214.848
		0.045	12762.145	12248.119	11233.442	9358.076	6506.515	5839.944	5203.229	5170.218	5292.381	4918.887
		0.045	12659.071	11208.794	10926.002	8419.417	5993.37	5393.704	4836.502	4952.942	5361.394	5809.413
		0.045	9732.716	10327.666	11120.152	12138.886	8995.721	7141.678	5326.067	4392.549	4514.485	5574.791
		0.045	9752.478	10189.821	12367.245	11117.43	8936.375	5847.373	4499.766	3752.286	3620.203	4000.719
		0.045	8774.818	9503.576	9476.62	10549.96	6654.815	6108.494	4383.292	3928.041	4008.13	5033.715

~End
Original Filename: BT119-LLY-GSK 14d 8hrs 24hrs; Date Last Saved: 2/5/2018 5:41:05 PM																														